MSE: 1.5718588714233184e-30
MAE: 9.61899925441353e-16
R2: 1.0
